3.58
4.58
4.66
4.20
4.84
5.40
6.89
5.17
5.26
4.93
3.08
4.97
5.06
7.46
4.81
5.30
4.97
3.83
6.14
5.75
5.79
4.09
6.40
3.60
5.59
7.19
4.01
4.43
5.10
4.50
3.45
5.07
3.94
5.47
4.08
6.55
4.22
4.68
5.81
3.77
5.23
6.31
3.39
5.18
5.26
5.78
3.76
3.68
5.52
5.30
5.25
5.35
4.32
5.23
5.29
4.29
6.87
5.47
3.81
5.66
4.03
5.79
6.16
4.18
5.96
5.41
5.82
6.90
4.75
4.25
4.11
4.18
4.92
5.34
5.28
5.83
5.01
6.45
4.74
7.72
5.63
4.14
3.93
5.48
4.78
5.71
5.47
4.93
4.15
3.49
4.55
5.86
5.21
3.75
5.17
5.39
4.12
5.15
5.06
3.86
